# TFSI molecule

15 atoms
14 bonds
25 angles
24 dihedrals
280.1461 mass
-3.1929 1.5968 0.0101 com
1251.107 4802.245 5720.423 1367.155 -36.4132 20.6105 inertia

Coords

1 -6.09200000000000 2.16600000000000 -0.102000000000000
2 -5.88800000000000 3.26400000000000 -0.912000000000000
3 -6.56400000000000 2.60800000000000 1.12000000000000
4 -7.05500000000000 1.35500000000000 -0.683000000000000
5 -4.49500000000000 1.28400000000000 0.143000000000000
6 -4.96200000000000 0.275000000000000 1.45100000000000
7 -4.96000000000000 0.0470000000000000 -0.959000000000000
8 -3.00500000000000 1.51000000000000 -0.820000000000000
9 -1.52400000000000 0.914000000000000 0.00200000000000000
10 -2.43300000000000 -0.546000000000000 -0.0430000000000000
11 -0.104000000000000 0.348000000000000 0.794000000000000
12 -0.455000000000000 2.42100000000000 0.0200000000000000
13 -1.16200000000000 3.48800000000000 -0.502000000000000
14 -0.0470000000000000 2.77600000000000 1.29900000000000
15 0.640000000000000 2.22800000000000 -0.808000000000000

Types

1 1
2 2
3 2
4 2
5 5
6 4
7 4
8 3
9 5
10 4
11 4
12 1
13 2
14 2
15 2

Charges

1	0.35
2	-0.16
3	-0.16
4	-0.16
5	1.02
6	-0.53
7	-0.53
8	-0.66
9	1.02
10	-0.53
11	-0.53
12	0.35
13	-0.16
14	-0.16
15	-0.16

Bonds

1 1 1 2
2 1 1 3
3 1 1 4
4 2 1 5
5 4 5 6
6 4 5 7
7 3 5 8
8 3 8 9
9 4 9 10
10 4 9 11
11 2 9 12
12 1 12 13
13 1 12 14
14 1 12 15

 Angles

1 3 2 1 3
2 3 2 1 4
3 4 2 1 5
4 3 3 1 4
5 4 3 1 5
6 4 4 1 5
7 2 1 5 6
8 2 1 5 7
9 1 1 5 8
10 6 6 5 7
11 5 6 5 8
12 5 7 5 8
13 7 5 8 9
14 5 8 9 10
15 5 8 9 11
16 1 8 9 12
17 6 10 9 11
18 2 10 9 12
19 2 11 9 12
20 4 9 12 13
21 4 9 12 14
22 4 9 12 15
23 3 13 12 14
24 3 13 12 15
25 3 14 12 15

 Dihedrals

1 2 2 1 5 6
2 2 2 1 5 7
3 1 2 1 5 8
4 2 3 1 5 6
5 2 3 1 5 7
6 1 3 1 5 8
7 2 4 1 5 6
8 2 4 1 5 7
9 1 4 1 5 8
10 3 1 5 8 9
11 4 6 5 8 9
12 4 7 5 8 9
13 4 5 8 9 10
14 4 5 8 9 11
15 3 5 8 9 12
16 1 8 9 12 13
17 1 8 9 12 14
18 1 8 9 12 15
19 2 10 9 12 13
20 2 10 9 12 14
21 2 10 9 12 15
22 2 11 9 12 13
23 2 11 9 12 14
24 2 11 9 12 15
